10 3886.019043
0 1978.901489
1 2147.380371
2 2380.028809
3 2743.038818
4 3493.388184
5 2925.524902
6 2762.368164
7 2773.458984
8 2957.489014
9 3155.474365
10 3886.019043
11 2971.284180
12 2539.252441
13 2268.020020
14 2074.911621
15 1927.267822
16 1809.079834
17 1711.386108
18 1628.695923
19 1557.415039
20 1495.070923
21 1439.894531
22 1390.578857
23 1346.133301
24 1305.790771
25 1268.945068
26 1235.110596
27 1203.892090
28 1174.964355
29 1148.056396
30 1122.941162
31 1099.425537
32 1077.344727
33 1056.557373
34 1036.940674
